Bass Guitar D2
f0=221.2
K=5
1,221.2,0,1,2,1
2,442.3,0,1,2,1
3,663.9,0,1,0,6
4,885.1,0,1,0,1
5,1105.8,0,1,3,1

Bass Guitar G2
f0=294.0
K=3
1,294.0,0,1,3,1
2,587.9,0,1,2,1
3,883.6,0,1,3,1

Bass Guitar B3
f0=371.9
K=2
1,371.9,0,1,3,1
2,745.0,0,1,3,1

Bass Guitar B1
f0=92.8
K=3
1,92.8,0,1,4,3
2,186.6,0,1,4,1
3,279.3,0,1,5,3

Bass Guitar E2
f0=166.5
K=6
1,166.5,0,1,3,1
2,330.2,0,1,3,1
3,496.7,0,1,2,0
4,663.3,0,1,3,1
5,838.3,0,1,3,1
6,1004.8,0,1,3,1

Bass Guitar D4
f0=296.0
K=2
1,296.0,0,1,3,1
2,593.1,0,1,4,0

Clap
f0=92.4
K=30
1,92.4,0,1,0,1
2,200.3,0,1,0,1
3,277.3,0,1,0,1
4,369.7,0,1,0,1
5,462.2,0,1,0,1
6,539.2,0,1,0,1
7,647.1,0,1,0,1
8,754.9,0,1,0,1
9,847.3,0,1,0,1
10,909.0,0,1,0,1
11,1016.8,0,1,0,1
12,1109.2,0,1,0,1
13,1201.7,0,1,0,1
14,1294.1,0,1,0,1
15,1386.6,0,1,0,1
16,1479.0,0,1,0,1
17,1571.4,0,1,0,1
18,1648.5,0,1,0,1
19,1756.3,0,1,0,1
20,1848.7,0,1,0,1
21,1925.8,0,1,0,0
22,2033.6,0,1,0,1
23,2126.0,0,1,0,1
24,2233.9,0,1,0,1
25,2295.5,0,1,0,1
26,2418.8,0,1,0,1
27,2511.2,0,1,0,1
28,2603.6,0,1,0,1
29,2665.3,0,1,0,1
30,2788.5,0,1,0,1

Piano 3
f0=312.6
K=7
1,312.6,0,1,3,1
2,625.1,0,1,3,1
3,937.7,0,1,3,1
4,1246.3,0,1,3,1
5,1570.8,0,1,3,1
6,1883.4,0,1,3,1
7,2188.0,0,1,3,1

Piano 4
f0=123.0
K=3
1,123.0,0,1,4,3
2,247.0,0,1,3,1
3,370.0,0,1,3,1

Piano High G
f0=664.1
K=5
1,664.1,0,1,3,1
2,1325.9,0,1,3,1
3,1987.7,0,1,3,1
4,2656.5,0,1,3,1
5,3322.9,0,1,3,0

Piano Middle C
f0=296.9
K=9
1,296.9,0,1,4,2
2,591.3,0,1,3,2
3,888.2,0,1,3,1
4,1187.5,0,1,3,1
5,1484.4,0,1,3,1
6,1786.3,0,1,3,1
7,2083.2,0,1,3,0
8,2377.6,0,1,3,1
9,2674.5,0,1,3,1

Violin A4
f0=439.8
K=16
1,439.8,0,1,0,1
2,879.3,0,1,3,1
3,1319.2,0,1,3,1
4,1758.6,0,1,2,1
5,2198.5,0,1,3,1
6,2638.3,0,1,2,3
7,3078.2,0,1,3,2
8,3518.0,0,1,3,1
9,3959.0,0,1,3,1
10,4398.8,0,1,2,1
11,4838.3,0,1,3,2
12,5278.2,0,1,3,2
13,5717.2,0,1,3,1
14,6157.5,0,1,4,1
15,6596.9,0,1,3,2
16,7036.8,0,1,3,1

Voice 1
f0=132.8
K=9
1,132.8,0,1,3,1
2,264.6,0,1,3,1
3,397.5,0,1,4,1
4,531.2,0,1,4,1
5,664.1,0,1,2,0
6,796.4,0,1,3,1
7,928.7,0,1,3,2
8,1063.0,0,1,3,1
9,1195.3,0,1,4,6

Voice 2
f0=576.0
K=2
1,576.0,0,1,3,1
2,1143.7,0,1,3,1

