Bass Guitar D2
f0=221.2
K_max=5
1,0.019011
2,0.014910
3,0.015080
4,0.015080
5,0.015056

Bass Guitar G2
f0=294.0
K_max=3
1,0.078383
2,0.074596
3,0.081627

Bass Guitar B3
f0=371.9
K_max=2
1,0.030406
2,0.030220

Bass Guitar B1
f0=92.8
K_max=3
1,0.119308
2,0.109960
3,0.106046

Bass Guitar E2
f0=166.5
K_max=6
1,0.096609
2,0.092915
3,0.090771
4,0.091125
5,0.093987
6,0.093676

Bass Guitar D4
f0=296.0
K_max=2
1,0.011070
2,0.011052

Clap
f0=92.4
K_max=30
1,0.083299
2,0.071999
3,0.068574
4,0.062596
5,0.058871
6,0.063595
7,0.058872
8,0.053973
9,0.050431
10,0.051439
11,0.049851
12,0.046775
13,0.042809
14,0.040617
15,0.039422
16,0.038385
17,0.036890
18,0.035307
19,0.033695
20,0.032216
21,0.030636
22,0.029223
23,0.028053
24,0.027049
25,0.027175
26,0.027465
27,0.026819
28,0.026273
29,0.025887
30,0.025445

Piano 3
f0=312.6
K_max=7
1,0.171775
2,0.154368
3,0.143431
4,0.142110
5,0.152571
6,0.154312
7,0.154351

Piano 4
f0=123.0
K_max=3
1,0.027065
2,0.020180
3,0.020371

Piano High G
f0=664.1
K_max=5
1,0.031384
2,0.026128
3,0.024555
4,0.024468
5,0.024495

Piano Middle C
f0=296.9
K_max=9
1,0.043808
2,0.031025
3,0.030419
4,0.033023
5,0.037041
6,0.034094
7,0.034232
8,0.034175
9,0.034179

Violin A4
f0=439.8
K_max=16
1,0.290963
2,0.175116
3,0.187580
4,0.168292
5,0.145103
6,0.148111
7,0.152211
8,0.156517
9,0.160292
10,0.160505
11,0.160664
12,0.161475
13,0.160687
14,0.161420
15,0.159064
16,0.160658

Voice 1
f0=132.8
K_max=9
1,0.120784
2,0.062298
3,0.064303
4,0.069286
5,0.058012
6,0.060151
7,0.060408
8,0.060289
9,0.060071

Voice 2
f0=576.0
K_max=2
1,0.087580
2,0.073661

